{
 "cells": [
  {
   "cell_type": "code",
   "execution_count": 1,
   "metadata": {},
   "outputs": [],
   "source": [
    "# load data set\n",
    "import sqlite3\n",
    "import pandas as pd\n",
    "conn = sqlite3.connect(\"house.db\")\n",
    "data = pd.read_sql_query(\"SELECT * FROM houseprice;\",conn)"
   ]
  },
  {
   "cell_type": "code",
   "execution_count": 2,
   "metadata": {},
   "outputs": [
    {
     "data": {
      "text/html": [
       "<div>\n",
       "<style scoped>\n",
       "    .dataframe tbody tr th:only-of-type {\n",
       "        vertical-align: middle;\n",
       "    }\n",
       "\n",
       "    .dataframe tbody tr th {\n",
       "        vertical-align: top;\n",
       "    }\n",
       "\n",
       "    .dataframe thead th {\n",
       "        text-align: right;\n",
       "    }\n",
       "</style>\n",
       "<table border=\"1\" class=\"dataframe\">\n",
       "  <thead>\n",
       "    <tr style=\"text-align: right;\">\n",
       "      <th></th>\n",
       "      <th>id</th>\n",
       "      <th>price</th>\n",
       "      <th>bedrooms</th>\n",
       "      <th>bathrooms</th>\n",
       "      <th>sqft_living</th>\n",
       "      <th>sqft_lot</th>\n",
       "      <th>floors</th>\n",
       "      <th>waterfront</th>\n",
       "      <th>view</th>\n",
       "      <th>condition</th>\n",
       "      <th>overall_grade</th>\n",
       "      <th>sqft_above</th>\n",
       "      <th>sqft_basement</th>\n",
       "      <th>year_built</th>\n",
       "      <th>year_renovated</th>\n",
       "      <th>zipcode</th>\n",
       "      <th>latitude</th>\n",
       "      <th>longitude</th>\n",
       "      <th>sqft_living15</th>\n",
       "      <th>sqft_lot15</th>\n",
       "    </tr>\n",
       "  </thead>\n",
       "  <tbody>\n",
       "    <tr>\n",
       "      <th>count</th>\n",
       "      <td>1.837100e+04</td>\n",
       "      <td>1.837100e+04</td>\n",
       "      <td>18371.000000</td>\n",
       "      <td>18371.000000</td>\n",
       "      <td>18371.000000</td>\n",
       "      <td>1.837100e+04</td>\n",
       "      <td>18290.000000</td>\n",
       "      <td>18295.000000</td>\n",
       "      <td>18371.000000</td>\n",
       "      <td>18299.000000</td>\n",
       "      <td>18281.000000</td>\n",
       "      <td>18371.000000</td>\n",
       "      <td>18301.000000</td>\n",
       "      <td>18371.000000</td>\n",
       "      <td>18371.000000</td>\n",
       "      <td>18371.000000</td>\n",
       "      <td>18371.000000</td>\n",
       "      <td>18371.000000</td>\n",
       "      <td>18371.000000</td>\n",
       "      <td>18371.000000</td>\n",
       "    </tr>\n",
       "    <tr>\n",
       "      <th>mean</th>\n",
       "      <td>4.575302e+09</td>\n",
       "      <td>5.409399e+05</td>\n",
       "      <td>3.375265</td>\n",
       "      <td>2.114542</td>\n",
       "      <td>2082.128137</td>\n",
       "      <td>1.508649e+04</td>\n",
       "      <td>1.493384</td>\n",
       "      <td>0.007434</td>\n",
       "      <td>0.238365</td>\n",
       "      <td>3.408929</td>\n",
       "      <td>7.658334</td>\n",
       "      <td>1789.571226</td>\n",
       "      <td>292.782526</td>\n",
       "      <td>1971.025094</td>\n",
       "      <td>82.891296</td>\n",
       "      <td>98077.900169</td>\n",
       "      <td>47.559887</td>\n",
       "      <td>-122.213752</td>\n",
       "      <td>1988.426542</td>\n",
       "      <td>12808.836481</td>\n",
       "    </tr>\n",
       "    <tr>\n",
       "      <th>std</th>\n",
       "      <td>2.878019e+09</td>\n",
       "      <td>3.700606e+05</td>\n",
       "      <td>0.934167</td>\n",
       "      <td>0.769017</td>\n",
       "      <td>920.244310</td>\n",
       "      <td>4.014368e+04</td>\n",
       "      <td>0.539576</td>\n",
       "      <td>0.085900</td>\n",
       "      <td>0.773584</td>\n",
       "      <td>0.651599</td>\n",
       "      <td>1.179371</td>\n",
       "      <td>828.351089</td>\n",
       "      <td>443.383041</td>\n",
       "      <td>29.297949</td>\n",
       "      <td>398.223750</td>\n",
       "      <td>53.598660</td>\n",
       "      <td>0.138480</td>\n",
       "      <td>0.141258</td>\n",
       "      <td>688.677984</td>\n",
       "      <td>26805.557809</td>\n",
       "    </tr>\n",
       "    <tr>\n",
       "      <th>min</th>\n",
       "      <td>1.200019e+06</td>\n",
       "      <td>7.500000e+04</td>\n",
       "      <td>0.000000</td>\n",
       "      <td>0.000000</td>\n",
       "      <td>290.000000</td>\n",
       "      <td>5.200000e+02</td>\n",
       "      <td>1.000000</td>\n",
       "      <td>0.000000</td>\n",
       "      <td>0.000000</td>\n",
       "      <td>1.000000</td>\n",
       "      <td>1.000000</td>\n",
       "      <td>290.000000</td>\n",
       "      <td>0.000000</td>\n",
       "      <td>1900.000000</td>\n",
       "      <td>0.000000</td>\n",
       "      <td>98001.000000</td>\n",
       "      <td>47.155900</td>\n",
       "      <td>-122.519000</td>\n",
       "      <td>399.000000</td>\n",
       "      <td>651.000000</td>\n",
       "    </tr>\n",
       "    <tr>\n",
       "      <th>25%</th>\n",
       "      <td>2.121000e+09</td>\n",
       "      <td>3.210000e+05</td>\n",
       "      <td>3.000000</td>\n",
       "      <td>1.750000</td>\n",
       "      <td>1430.000000</td>\n",
       "      <td>5.046500e+03</td>\n",
       "      <td>1.000000</td>\n",
       "      <td>0.000000</td>\n",
       "      <td>0.000000</td>\n",
       "      <td>3.000000</td>\n",
       "      <td>7.000000</td>\n",
       "      <td>1200.000000</td>\n",
       "      <td>0.000000</td>\n",
       "      <td>1952.000000</td>\n",
       "      <td>0.000000</td>\n",
       "      <td>98033.000000</td>\n",
       "      <td>47.470200</td>\n",
       "      <td>-122.328000</td>\n",
       "      <td>1490.000000</td>\n",
       "      <td>5100.000000</td>\n",
       "    </tr>\n",
       "    <tr>\n",
       "      <th>50%</th>\n",
       "      <td>3.902310e+09</td>\n",
       "      <td>4.500000e+05</td>\n",
       "      <td>3.000000</td>\n",
       "      <td>2.250000</td>\n",
       "      <td>1920.000000</td>\n",
       "      <td>7.620000e+03</td>\n",
       "      <td>1.500000</td>\n",
       "      <td>0.000000</td>\n",
       "      <td>0.000000</td>\n",
       "      <td>3.000000</td>\n",
       "      <td>7.000000</td>\n",
       "      <td>1560.000000</td>\n",
       "      <td>0.000000</td>\n",
       "      <td>1975.000000</td>\n",
       "      <td>0.000000</td>\n",
       "      <td>98065.000000</td>\n",
       "      <td>47.571600</td>\n",
       "      <td>-122.230000</td>\n",
       "      <td>1840.000000</td>\n",
       "      <td>7632.000000</td>\n",
       "    </tr>\n",
       "    <tr>\n",
       "      <th>75%</th>\n",
       "      <td>7.305301e+09</td>\n",
       "      <td>6.450000e+05</td>\n",
       "      <td>4.000000</td>\n",
       "      <td>2.500000</td>\n",
       "      <td>2550.000000</td>\n",
       "      <td>1.069900e+04</td>\n",
       "      <td>2.000000</td>\n",
       "      <td>0.000000</td>\n",
       "      <td>0.000000</td>\n",
       "      <td>4.000000</td>\n",
       "      <td>8.000000</td>\n",
       "      <td>2210.000000</td>\n",
       "      <td>570.000000</td>\n",
       "      <td>1997.000000</td>\n",
       "      <td>0.000000</td>\n",
       "      <td>98117.000000</td>\n",
       "      <td>47.677900</td>\n",
       "      <td>-122.125000</td>\n",
       "      <td>2360.000000</td>\n",
       "      <td>10097.000000</td>\n",
       "    </tr>\n",
       "    <tr>\n",
       "      <th>max</th>\n",
       "      <td>9.900000e+09</td>\n",
       "      <td>7.700000e+06</td>\n",
       "      <td>33.000000</td>\n",
       "      <td>8.000000</td>\n",
       "      <td>13540.000000</td>\n",
       "      <td>1.164794e+06</td>\n",
       "      <td>3.500000</td>\n",
       "      <td>1.000000</td>\n",
       "      <td>4.000000</td>\n",
       "      <td>5.000000</td>\n",
       "      <td>13.000000</td>\n",
       "      <td>9410.000000</td>\n",
       "      <td>4130.000000</td>\n",
       "      <td>2015.000000</td>\n",
       "      <td>2015.000000</td>\n",
       "      <td>98199.000000</td>\n",
       "      <td>47.777600</td>\n",
       "      <td>-121.315000</td>\n",
       "      <td>6210.000000</td>\n",
       "      <td>871200.000000</td>\n",
       "    </tr>\n",
       "  </tbody>\n",
       "</table>\n",
       "</div>"
      ],
      "text/plain": [
       "                 id         price      bedrooms     bathrooms   sqft_living  \\\n",
       "count  1.837100e+04  1.837100e+04  18371.000000  18371.000000  18371.000000   \n",
       "mean   4.575302e+09  5.409399e+05      3.375265      2.114542   2082.128137   \n",
       "std    2.878019e+09  3.700606e+05      0.934167      0.769017    920.244310   \n",
       "min    1.200019e+06  7.500000e+04      0.000000      0.000000    290.000000   \n",
       "25%    2.121000e+09  3.210000e+05      3.000000      1.750000   1430.000000   \n",
       "50%    3.902310e+09  4.500000e+05      3.000000      2.250000   1920.000000   \n",
       "75%    7.305301e+09  6.450000e+05      4.000000      2.500000   2550.000000   \n",
       "max    9.900000e+09  7.700000e+06     33.000000      8.000000  13540.000000   \n",
       "\n",
       "           sqft_lot        floors    waterfront          view     condition  \\\n",
       "count  1.837100e+04  18290.000000  18295.000000  18371.000000  18299.000000   \n",
       "mean   1.508649e+04      1.493384      0.007434      0.238365      3.408929   \n",
       "std    4.014368e+04      0.539576      0.085900      0.773584      0.651599   \n",
       "min    5.200000e+02      1.000000      0.000000      0.000000      1.000000   \n",
       "25%    5.046500e+03      1.000000      0.000000      0.000000      3.000000   \n",
       "50%    7.620000e+03      1.500000      0.000000      0.000000      3.000000   \n",
       "75%    1.069900e+04      2.000000      0.000000      0.000000      4.000000   \n",
       "max    1.164794e+06      3.500000      1.000000      4.000000      5.000000   \n",
       "\n",
       "       overall_grade    sqft_above  sqft_basement    year_built  \\\n",
       "count   18281.000000  18371.000000   18301.000000  18371.000000   \n",
       "mean        7.658334   1789.571226     292.782526   1971.025094   \n",
       "std         1.179371    828.351089     443.383041     29.297949   \n",
       "min         1.000000    290.000000       0.000000   1900.000000   \n",
       "25%         7.000000   1200.000000       0.000000   1952.000000   \n",
       "50%         7.000000   1560.000000       0.000000   1975.000000   \n",
       "75%         8.000000   2210.000000     570.000000   1997.000000   \n",
       "max        13.000000   9410.000000    4130.000000   2015.000000   \n",
       "\n",
       "       year_renovated       zipcode      latitude     longitude  \\\n",
       "count    18371.000000  18371.000000  18371.000000  18371.000000   \n",
       "mean        82.891296  98077.900169     47.559887   -122.213752   \n",
       "std        398.223750     53.598660      0.138480      0.141258   \n",
       "min          0.000000  98001.000000     47.155900   -122.519000   \n",
       "25%          0.000000  98033.000000     47.470200   -122.328000   \n",
       "50%          0.000000  98065.000000     47.571600   -122.230000   \n",
       "75%          0.000000  98117.000000     47.677900   -122.125000   \n",
       "max       2015.000000  98199.000000     47.777600   -121.315000   \n",
       "\n",
       "       sqft_living15     sqft_lot15  \n",
       "count   18371.000000   18371.000000  \n",
       "mean     1988.426542   12808.836481  \n",
       "std       688.677984   26805.557809  \n",
       "min       399.000000     651.000000  \n",
       "25%      1490.000000    5100.000000  \n",
       "50%      1840.000000    7632.000000  \n",
       "75%      2360.000000   10097.000000  \n",
       "max      6210.000000  871200.000000  "
      ]
     },
     "execution_count": 2,
     "metadata": {},
     "output_type": "execute_result"
    }
   ],
   "source": [
    "# check the database\n",
    "data.describe()"
   ]
  },
  {
   "cell_type": "code",
   "execution_count": 3,
   "metadata": {},
   "outputs": [
    {
     "data": {
      "text/html": [
       "<div>\n",
       "<style scoped>\n",
       "    .dataframe tbody tr th:only-of-type {\n",
       "        vertical-align: middle;\n",
       "    }\n",
       "\n",
       "    .dataframe tbody tr th {\n",
       "        vertical-align: top;\n",
       "    }\n",
       "\n",
       "    .dataframe thead th {\n",
       "        text-align: right;\n",
       "    }\n",
       "</style>\n",
       "<table border=\"1\" class=\"dataframe\">\n",
       "  <thead>\n",
       "    <tr style=\"text-align: right;\">\n",
       "      <th></th>\n",
       "      <th>id</th>\n",
       "      <th>price</th>\n",
       "      <th>bedrooms</th>\n",
       "      <th>bathrooms</th>\n",
       "      <th>sqft_living</th>\n",
       "      <th>sqft_lot</th>\n",
       "      <th>floors</th>\n",
       "      <th>waterfront</th>\n",
       "      <th>view</th>\n",
       "      <th>condition</th>\n",
       "      <th>overall_grade</th>\n",
       "      <th>sqft_above</th>\n",
       "      <th>sqft_basement</th>\n",
       "      <th>year_built</th>\n",
       "      <th>year_renovated</th>\n",
       "      <th>zipcode</th>\n",
       "      <th>latitude</th>\n",
       "      <th>longitude</th>\n",
       "      <th>sqft_living15</th>\n",
       "      <th>sqft_lot15</th>\n",
       "    </tr>\n",
       "  </thead>\n",
       "  <tbody>\n",
       "    <tr>\n",
       "      <th>id</th>\n",
       "      <td>1.000000</td>\n",
       "      <td>-0.016184</td>\n",
       "      <td>0.004470</td>\n",
       "      <td>0.008021</td>\n",
       "      <td>-0.009418</td>\n",
       "      <td>-0.133935</td>\n",
       "      <td>0.015690</td>\n",
       "      <td>-0.002879</td>\n",
       "      <td>0.012719</td>\n",
       "      <td>-0.019514</td>\n",
       "      <td>0.017620</td>\n",
       "      <td>-0.009528</td>\n",
       "      <td>-0.001960</td>\n",
       "      <td>0.023281</td>\n",
       "      <td>-0.022016</td>\n",
       "      <td>-0.006024</td>\n",
       "      <td>0.001017</td>\n",
       "      <td>0.017114</td>\n",
       "      <td>0.000922</td>\n",
       "      <td>-0.140555</td>\n",
       "    </tr>\n",
       "    <tr>\n",
       "      <th>price</th>\n",
       "      <td>-0.016184</td>\n",
       "      <td>1.000000</td>\n",
       "      <td>0.305668</td>\n",
       "      <td>0.526553</td>\n",
       "      <td>0.702798</td>\n",
       "      <td>0.088359</td>\n",
       "      <td>0.254887</td>\n",
       "      <td>0.256326</td>\n",
       "      <td>0.391130</td>\n",
       "      <td>0.035217</td>\n",
       "      <td>0.608288</td>\n",
       "      <td>0.607307</td>\n",
       "      <td>0.323789</td>\n",
       "      <td>0.052383</td>\n",
       "      <td>0.127939</td>\n",
       "      <td>-0.051932</td>\n",
       "      <td>0.308392</td>\n",
       "      <td>0.020197</td>\n",
       "      <td>0.588788</td>\n",
       "      <td>0.080430</td>\n",
       "    </tr>\n",
       "    <tr>\n",
       "      <th>bedrooms</th>\n",
       "      <td>0.004470</td>\n",
       "      <td>0.305668</td>\n",
       "      <td>1.000000</td>\n",
       "      <td>0.511456</td>\n",
       "      <td>0.572141</td>\n",
       "      <td>0.027982</td>\n",
       "      <td>0.171603</td>\n",
       "      <td>-0.008182</td>\n",
       "      <td>0.073876</td>\n",
       "      <td>0.029970</td>\n",
       "      <td>0.326293</td>\n",
       "      <td>0.475771</td>\n",
       "      <td>0.298115</td>\n",
       "      <td>0.147914</td>\n",
       "      <td>0.017701</td>\n",
       "      <td>-0.145683</td>\n",
       "      <td>-0.006014</td>\n",
       "      <td>0.121956</td>\n",
       "      <td>0.387952</td>\n",
       "      <td>0.027155</td>\n",
       "    </tr>\n",
       "    <tr>\n",
       "      <th>bathrooms</th>\n",
       "      <td>0.008021</td>\n",
       "      <td>0.526553</td>\n",
       "      <td>0.511456</td>\n",
       "      <td>1.000000</td>\n",
       "      <td>0.755651</td>\n",
       "      <td>0.091554</td>\n",
       "      <td>0.492628</td>\n",
       "      <td>0.058358</td>\n",
       "      <td>0.184239</td>\n",
       "      <td>-0.110593</td>\n",
       "      <td>0.608722</td>\n",
       "      <td>0.686172</td>\n",
       "      <td>0.286092</td>\n",
       "      <td>0.501967</td>\n",
       "      <td>0.053110</td>\n",
       "      <td>-0.200203</td>\n",
       "      <td>0.030410</td>\n",
       "      <td>0.217765</td>\n",
       "      <td>0.569320</td>\n",
       "      <td>0.087068</td>\n",
       "    </tr>\n",
       "    <tr>\n",
       "      <th>sqft_living</th>\n",
       "      <td>-0.009418</td>\n",
       "      <td>0.702798</td>\n",
       "      <td>0.572141</td>\n",
       "      <td>0.755651</td>\n",
       "      <td>1.000000</td>\n",
       "      <td>0.175330</td>\n",
       "      <td>0.348730</td>\n",
       "      <td>0.096193</td>\n",
       "      <td>0.279909</td>\n",
       "      <td>-0.052042</td>\n",
       "      <td>0.694206</td>\n",
       "      <td>0.876772</td>\n",
       "      <td>0.437191</td>\n",
       "      <td>0.314975</td>\n",
       "      <td>0.056002</td>\n",
       "      <td>-0.194866</td>\n",
       "      <td>0.057744</td>\n",
       "      <td>0.234830</td>\n",
       "      <td>0.757513</td>\n",
       "      <td>0.182070</td>\n",
       "    </tr>\n",
       "    <tr>\n",
       "      <th>sqft_lot</th>\n",
       "      <td>-0.133935</td>\n",
       "      <td>0.088359</td>\n",
       "      <td>0.027982</td>\n",
       "      <td>0.091554</td>\n",
       "      <td>0.175330</td>\n",
       "      <td>1.000000</td>\n",
       "      <td>-0.005158</td>\n",
       "      <td>0.022293</td>\n",
       "      <td>0.062803</td>\n",
       "      <td>-0.008255</td>\n",
       "      <td>0.103129</td>\n",
       "      <td>0.184278</td>\n",
       "      <td>0.019584</td>\n",
       "      <td>0.059419</td>\n",
       "      <td>0.004711</td>\n",
       "      <td>-0.131152</td>\n",
       "      <td>-0.084285</td>\n",
       "      <td>0.234779</td>\n",
       "      <td>0.150816</td>\n",
       "      <td>0.704594</td>\n",
       "    </tr>\n",
       "    <tr>\n",
       "      <th>floors</th>\n",
       "      <td>0.015690</td>\n",
       "      <td>0.254887</td>\n",
       "      <td>0.171603</td>\n",
       "      <td>0.492628</td>\n",
       "      <td>0.348730</td>\n",
       "      <td>-0.005158</td>\n",
       "      <td>1.000000</td>\n",
       "      <td>0.027604</td>\n",
       "      <td>0.029027</td>\n",
       "      <td>-0.243497</td>\n",
       "      <td>0.418124</td>\n",
       "      <td>0.515814</td>\n",
       "      <td>-0.239360</td>\n",
       "      <td>0.480798</td>\n",
       "      <td>0.011824</td>\n",
       "      <td>-0.055161</td>\n",
       "      <td>0.052974</td>\n",
       "      <td>0.121720</td>\n",
       "      <td>0.276874</td>\n",
       "      <td>-0.015129</td>\n",
       "    </tr>\n",
       "    <tr>\n",
       "      <th>waterfront</th>\n",
       "      <td>-0.002879</td>\n",
       "      <td>0.256326</td>\n",
       "      <td>-0.008182</td>\n",
       "      <td>0.058358</td>\n",
       "      <td>0.096193</td>\n",
       "      <td>0.022293</td>\n",
       "      <td>0.027604</td>\n",
       "      <td>1.000000</td>\n",
       "      <td>0.392861</td>\n",
       "      <td>0.013180</td>\n",
       "      <td>0.075462</td>\n",
       "      <td>0.067601</td>\n",
       "      <td>0.073607</td>\n",
       "      <td>-0.025607</td>\n",
       "      <td>0.096203</td>\n",
       "      <td>0.029413</td>\n",
       "      <td>-0.012312</td>\n",
       "      <td>-0.038584</td>\n",
       "      <td>0.087644</td>\n",
       "      <td>0.027852</td>\n",
       "    </tr>\n",
       "    <tr>\n",
       "      <th>view</th>\n",
       "      <td>0.012719</td>\n",
       "      <td>0.391130</td>\n",
       "      <td>0.073876</td>\n",
       "      <td>0.184239</td>\n",
       "      <td>0.279909</td>\n",
       "      <td>0.062803</td>\n",
       "      <td>0.029027</td>\n",
       "      <td>0.392861</td>\n",
       "      <td>1.000000</td>\n",
       "      <td>0.043889</td>\n",
       "      <td>0.225187</td>\n",
       "      <td>0.164121</td>\n",
       "      <td>0.274525</td>\n",
       "      <td>-0.056904</td>\n",
       "      <td>0.108553</td>\n",
       "      <td>0.092164</td>\n",
       "      <td>0.008090</td>\n",
       "      <td>-0.080388</td>\n",
       "      <td>0.282802</td>\n",
       "      <td>0.067017</td>\n",
       "    </tr>\n",
       "    <tr>\n",
       "      <th>condition</th>\n",
       "      <td>-0.019514</td>\n",
       "      <td>0.035217</td>\n",
       "      <td>0.029970</td>\n",
       "      <td>-0.110593</td>\n",
       "      <td>-0.052042</td>\n",
       "      <td>-0.008255</td>\n",
       "      <td>-0.243497</td>\n",
       "      <td>0.013180</td>\n",
       "      <td>0.043889</td>\n",
       "      <td>1.000000</td>\n",
       "      <td>-0.125973</td>\n",
       "      <td>-0.145414</td>\n",
       "      <td>0.163830</td>\n",
       "      <td>-0.338092</td>\n",
       "      <td>-0.063366</td>\n",
       "      <td>0.001427</td>\n",
       "      <td>-0.018648</td>\n",
       "      <td>-0.100926</td>\n",
       "      <td>-0.087561</td>\n",
       "      <td>-0.000606</td>\n",
       "    </tr>\n",
       "    <tr>\n",
       "      <th>overall_grade</th>\n",
       "      <td>0.017620</td>\n",
       "      <td>0.608288</td>\n",
       "      <td>0.326293</td>\n",
       "      <td>0.608722</td>\n",
       "      <td>0.694206</td>\n",
       "      <td>0.103129</td>\n",
       "      <td>0.418124</td>\n",
       "      <td>0.075462</td>\n",
       "      <td>0.225187</td>\n",
       "      <td>-0.125973</td>\n",
       "      <td>1.000000</td>\n",
       "      <td>0.691490</td>\n",
       "      <td>0.148624</td>\n",
       "      <td>0.409196</td>\n",
       "      <td>0.017115</td>\n",
       "      <td>-0.165267</td>\n",
       "      <td>0.108069</td>\n",
       "      <td>0.178784</td>\n",
       "      <td>0.648881</td>\n",
       "      <td>0.111021</td>\n",
       "    </tr>\n",
       "    <tr>\n",
       "      <th>sqft_above</th>\n",
       "      <td>-0.009528</td>\n",
       "      <td>0.607307</td>\n",
       "      <td>0.475771</td>\n",
       "      <td>0.686172</td>\n",
       "      <td>0.876772</td>\n",
       "      <td>0.184278</td>\n",
       "      <td>0.515814</td>\n",
       "      <td>0.067601</td>\n",
       "      <td>0.164121</td>\n",
       "      <td>-0.145414</td>\n",
       "      <td>0.691490</td>\n",
       "      <td>1.000000</td>\n",
       "      <td>-0.048284</td>\n",
       "      <td>0.421153</td>\n",
       "      <td>0.024303</td>\n",
       "      <td>-0.258162</td>\n",
       "      <td>0.003146</td>\n",
       "      <td>0.338545</td>\n",
       "      <td>0.734073</td>\n",
       "      <td>0.189945</td>\n",
       "    </tr>\n",
       "    <tr>\n",
       "      <th>sqft_basement</th>\n",
       "      <td>-0.001960</td>\n",
       "      <td>0.323789</td>\n",
       "      <td>0.298115</td>\n",
       "      <td>0.286092</td>\n",
       "      <td>0.437191</td>\n",
       "      <td>0.019584</td>\n",
       "      <td>-0.239360</td>\n",
       "      <td>0.073607</td>\n",
       "      <td>0.274525</td>\n",
       "      <td>0.163830</td>\n",
       "      <td>0.148624</td>\n",
       "      <td>-0.048284</td>\n",
       "      <td>1.000000</td>\n",
       "      <td>-0.133090</td>\n",
       "      <td>0.071324</td>\n",
       "      <td>0.078483</td>\n",
       "      <td>0.113510</td>\n",
       "      <td>-0.145346</td>\n",
       "      <td>0.200235</td>\n",
       "      <td>0.022911</td>\n",
       "    </tr>\n",
       "    <tr>\n",
       "      <th>year_built</th>\n",
       "      <td>0.023281</td>\n",
       "      <td>0.052383</td>\n",
       "      <td>0.147914</td>\n",
       "      <td>0.501967</td>\n",
       "      <td>0.314975</td>\n",
       "      <td>0.059419</td>\n",
       "      <td>0.480798</td>\n",
       "      <td>-0.025607</td>\n",
       "      <td>-0.056904</td>\n",
       "      <td>-0.338092</td>\n",
       "      <td>0.409196</td>\n",
       "      <td>0.421153</td>\n",
       "      <td>-0.133090</td>\n",
       "      <td>1.000000</td>\n",
       "      <td>-0.224755</td>\n",
       "      <td>-0.345988</td>\n",
       "      <td>-0.145883</td>\n",
       "      <td>0.405404</td>\n",
       "      <td>0.323869</td>\n",
       "      <td>0.074584</td>\n",
       "    </tr>\n",
       "    <tr>\n",
       "      <th>year_renovated</th>\n",
       "      <td>-0.022016</td>\n",
       "      <td>0.127939</td>\n",
       "      <td>0.017701</td>\n",
       "      <td>0.053110</td>\n",
       "      <td>0.056002</td>\n",
       "      <td>0.004711</td>\n",
       "      <td>0.011824</td>\n",
       "      <td>0.096203</td>\n",
       "      <td>0.108553</td>\n",
       "      <td>-0.063366</td>\n",
       "      <td>0.017115</td>\n",
       "      <td>0.024303</td>\n",
       "      <td>0.071324</td>\n",
       "      <td>-0.224755</td>\n",
       "      <td>1.000000</td>\n",
       "      <td>0.066259</td>\n",
       "      <td>0.030139</td>\n",
       "      <td>-0.071624</td>\n",
       "      <td>-0.002052</td>\n",
       "      <td>0.005246</td>\n",
       "    </tr>\n",
       "    <tr>\n",
       "      <th>zipcode</th>\n",
       "      <td>-0.006024</td>\n",
       "      <td>-0.051932</td>\n",
       "      <td>-0.145683</td>\n",
       "      <td>-0.200203</td>\n",
       "      <td>-0.194866</td>\n",
       "      <td>-0.131152</td>\n",
       "      <td>-0.055161</td>\n",
       "      <td>0.029413</td>\n",
       "      <td>0.092164</td>\n",
       "      <td>0.001427</td>\n",
       "      <td>-0.165267</td>\n",
       "      <td>-0.258162</td>\n",
       "      <td>0.078483</td>\n",
       "      <td>-0.345988</td>\n",
       "      <td>0.066259</td>\n",
       "      <td>1.000000</td>\n",
       "      <td>0.260909</td>\n",
       "      <td>-0.561882</td>\n",
       "      <td>-0.275880</td>\n",
       "      <td>-0.148593</td>\n",
       "    </tr>\n",
       "    <tr>\n",
       "      <th>latitude</th>\n",
       "      <td>0.001017</td>\n",
       "      <td>0.308392</td>\n",
       "      <td>-0.006014</td>\n",
       "      <td>0.030410</td>\n",
       "      <td>0.057744</td>\n",
       "      <td>-0.084285</td>\n",
       "      <td>0.052974</td>\n",
       "      <td>-0.012312</td>\n",
       "      <td>0.008090</td>\n",
       "      <td>-0.018648</td>\n",
       "      <td>0.108069</td>\n",
       "      <td>0.003146</td>\n",
       "      <td>0.113510</td>\n",
       "      <td>-0.145883</td>\n",
       "      <td>0.030139</td>\n",
       "      <td>0.260909</td>\n",
       "      <td>1.000000</td>\n",
       "      <td>-0.132604</td>\n",
       "      <td>0.053827</td>\n",
       "      <td>-0.088261</td>\n",
       "    </tr>\n",
       "    <tr>\n",
       "      <th>longitude</th>\n",
       "      <td>0.017114</td>\n",
       "      <td>0.020197</td>\n",
       "      <td>0.121956</td>\n",
       "      <td>0.217765</td>\n",
       "      <td>0.234830</td>\n",
       "      <td>0.234779</td>\n",
       "      <td>0.121720</td>\n",
       "      <td>-0.038584</td>\n",
       "      <td>-0.080388</td>\n",
       "      <td>-0.100926</td>\n",
       "      <td>0.178784</td>\n",
       "      <td>0.338545</td>\n",
       "      <td>-0.145346</td>\n",
       "      <td>0.405404</td>\n",
       "      <td>-0.071624</td>\n",
       "      <td>-0.561882</td>\n",
       "      <td>-0.132604</td>\n",
       "      <td>1.000000</td>\n",
       "      <td>0.329072</td>\n",
       "      <td>0.257639</td>\n",
       "    </tr>\n",
       "    <tr>\n",
       "      <th>sqft_living15</th>\n",
       "      <td>0.000922</td>\n",
       "      <td>0.588788</td>\n",
       "      <td>0.387952</td>\n",
       "      <td>0.569320</td>\n",
       "      <td>0.757513</td>\n",
       "      <td>0.150816</td>\n",
       "      <td>0.276874</td>\n",
       "      <td>0.087644</td>\n",
       "      <td>0.282802</td>\n",
       "      <td>-0.087561</td>\n",
       "      <td>0.648881</td>\n",
       "      <td>0.734073</td>\n",
       "      <td>0.200235</td>\n",
       "      <td>0.323869</td>\n",
       "      <td>-0.002052</td>\n",
       "      <td>-0.275880</td>\n",
       "      <td>0.053827</td>\n",
       "      <td>0.329072</td>\n",
       "      <td>1.000000</td>\n",
       "      <td>0.190255</td>\n",
       "    </tr>\n",
       "    <tr>\n",
       "      <th>sqft_lot15</th>\n",
       "      <td>-0.140555</td>\n",
       "      <td>0.080430</td>\n",
       "      <td>0.027155</td>\n",
       "      <td>0.087068</td>\n",
       "      <td>0.182070</td>\n",
       "      <td>0.704594</td>\n",
       "      <td>-0.015129</td>\n",
       "      <td>0.027852</td>\n",
       "      <td>0.067017</td>\n",
       "      <td>-0.000606</td>\n",
       "      <td>0.111021</td>\n",
       "      <td>0.189945</td>\n",
       "      <td>0.022911</td>\n",
       "      <td>0.074584</td>\n",
       "      <td>0.005246</td>\n",
       "      <td>-0.148593</td>\n",
       "      <td>-0.088261</td>\n",
       "      <td>0.257639</td>\n",
       "      <td>0.190255</td>\n",
       "      <td>1.000000</td>\n",
       "    </tr>\n",
       "  </tbody>\n",
       "</table>\n",
       "</div>"
      ],
      "text/plain": [
       "                      id     price  bedrooms  bathrooms  sqft_living  \\\n",
       "id              1.000000 -0.016184  0.004470   0.008021    -0.009418   \n",
       "price          -0.016184  1.000000  0.305668   0.526553     0.702798   \n",
       "bedrooms        0.004470  0.305668  1.000000   0.511456     0.572141   \n",
       "bathrooms       0.008021  0.526553  0.511456   1.000000     0.755651   \n",
       "sqft_living    -0.009418  0.702798  0.572141   0.755651     1.000000   \n",
       "sqft_lot       -0.133935  0.088359  0.027982   0.091554     0.175330   \n",
       "floors          0.015690  0.254887  0.171603   0.492628     0.348730   \n",
       "waterfront     -0.002879  0.256326 -0.008182   0.058358     0.096193   \n",
       "view            0.012719  0.391130  0.073876   0.184239     0.279909   \n",
       "condition      -0.019514  0.035217  0.029970  -0.110593    -0.052042   \n",
       "overall_grade   0.017620  0.608288  0.326293   0.608722     0.694206   \n",
       "sqft_above     -0.009528  0.607307  0.475771   0.686172     0.876772   \n",
       "sqft_basement  -0.001960  0.323789  0.298115   0.286092     0.437191   \n",
       "year_built      0.023281  0.052383  0.147914   0.501967     0.314975   \n",
       "year_renovated -0.022016  0.127939  0.017701   0.053110     0.056002   \n",
       "zipcode        -0.006024 -0.051932 -0.145683  -0.200203    -0.194866   \n",
       "latitude        0.001017  0.308392 -0.006014   0.030410     0.057744   \n",
       "longitude       0.017114  0.020197  0.121956   0.217765     0.234830   \n",
       "sqft_living15   0.000922  0.588788  0.387952   0.569320     0.757513   \n",
       "sqft_lot15     -0.140555  0.080430  0.027155   0.087068     0.182070   \n",
       "\n",
       "                sqft_lot    floors  waterfront      view  condition  \\\n",
       "id             -0.133935  0.015690   -0.002879  0.012719  -0.019514   \n",
       "price           0.088359  0.254887    0.256326  0.391130   0.035217   \n",
       "bedrooms        0.027982  0.171603   -0.008182  0.073876   0.029970   \n",
       "bathrooms       0.091554  0.492628    0.058358  0.184239  -0.110593   \n",
       "sqft_living     0.175330  0.348730    0.096193  0.279909  -0.052042   \n",
       "sqft_lot        1.000000 -0.005158    0.022293  0.062803  -0.008255   \n",
       "floors         -0.005158  1.000000    0.027604  0.029027  -0.243497   \n",
       "waterfront      0.022293  0.027604    1.000000  0.392861   0.013180   \n",
       "view            0.062803  0.029027    0.392861  1.000000   0.043889   \n",
       "condition      -0.008255 -0.243497    0.013180  0.043889   1.000000   \n",
       "overall_grade   0.103129  0.418124    0.075462  0.225187  -0.125973   \n",
       "sqft_above      0.184278  0.515814    0.067601  0.164121  -0.145414   \n",
       "sqft_basement   0.019584 -0.239360    0.073607  0.274525   0.163830   \n",
       "year_built      0.059419  0.480798   -0.025607 -0.056904  -0.338092   \n",
       "year_renovated  0.004711  0.011824    0.096203  0.108553  -0.063366   \n",
       "zipcode        -0.131152 -0.055161    0.029413  0.092164   0.001427   \n",
       "latitude       -0.084285  0.052974   -0.012312  0.008090  -0.018648   \n",
       "longitude       0.234779  0.121720   -0.038584 -0.080388  -0.100926   \n",
       "sqft_living15   0.150816  0.276874    0.087644  0.282802  -0.087561   \n",
       "sqft_lot15      0.704594 -0.015129    0.027852  0.067017  -0.000606   \n",
       "\n",
       "                overall_grade  sqft_above  sqft_basement  year_built  \\\n",
       "id                   0.017620   -0.009528      -0.001960    0.023281   \n",
       "price                0.608288    0.607307       0.323789    0.052383   \n",
       "bedrooms             0.326293    0.475771       0.298115    0.147914   \n",
       "bathrooms            0.608722    0.686172       0.286092    0.501967   \n",
       "sqft_living          0.694206    0.876772       0.437191    0.314975   \n",
       "sqft_lot             0.103129    0.184278       0.019584    0.059419   \n",
       "floors               0.418124    0.515814      -0.239360    0.480798   \n",
       "waterfront           0.075462    0.067601       0.073607   -0.025607   \n",
       "view                 0.225187    0.164121       0.274525   -0.056904   \n",
       "condition           -0.125973   -0.145414       0.163830   -0.338092   \n",
       "overall_grade        1.000000    0.691490       0.148624    0.409196   \n",
       "sqft_above           0.691490    1.000000      -0.048284    0.421153   \n",
       "sqft_basement        0.148624   -0.048284       1.000000   -0.133090   \n",
       "year_built           0.409196    0.421153      -0.133090    1.000000   \n",
       "year_renovated       0.017115    0.024303       0.071324   -0.224755   \n",
       "zipcode             -0.165267   -0.258162       0.078483   -0.345988   \n",
       "latitude             0.108069    0.003146       0.113510   -0.145883   \n",
       "longitude            0.178784    0.338545      -0.145346    0.405404   \n",
       "sqft_living15        0.648881    0.734073       0.200235    0.323869   \n",
       "sqft_lot15           0.111021    0.189945       0.022911    0.074584   \n",
       "\n",
       "                year_renovated   zipcode  latitude  longitude  sqft_living15  \\\n",
       "id                   -0.022016 -0.006024  0.001017   0.017114       0.000922   \n",
       "price                 0.127939 -0.051932  0.308392   0.020197       0.588788   \n",
       "bedrooms              0.017701 -0.145683 -0.006014   0.121956       0.387952   \n",
       "bathrooms             0.053110 -0.200203  0.030410   0.217765       0.569320   \n",
       "sqft_living           0.056002 -0.194866  0.057744   0.234830       0.757513   \n",
       "sqft_lot              0.004711 -0.131152 -0.084285   0.234779       0.150816   \n",
       "floors                0.011824 -0.055161  0.052974   0.121720       0.276874   \n",
       "waterfront            0.096203  0.029413 -0.012312  -0.038584       0.087644   \n",
       "view                  0.108553  0.092164  0.008090  -0.080388       0.282802   \n",
       "condition            -0.063366  0.001427 -0.018648  -0.100926      -0.087561   \n",
       "overall_grade         0.017115 -0.165267  0.108069   0.178784       0.648881   \n",
       "sqft_above            0.024303 -0.258162  0.003146   0.338545       0.734073   \n",
       "sqft_basement         0.071324  0.078483  0.113510  -0.145346       0.200235   \n",
       "year_built           -0.224755 -0.345988 -0.145883   0.405404       0.323869   \n",
       "year_renovated        1.000000  0.066259  0.030139  -0.071624      -0.002052   \n",
       "zipcode               0.066259  1.000000  0.260909  -0.561882      -0.275880   \n",
       "latitude              0.030139  0.260909  1.000000  -0.132604       0.053827   \n",
       "longitude            -0.071624 -0.561882 -0.132604   1.000000       0.329072   \n",
       "sqft_living15        -0.002052 -0.275880  0.053827   0.329072       1.000000   \n",
       "sqft_lot15            0.005246 -0.148593 -0.088261   0.257639       0.190255   \n",
       "\n",
       "                sqft_lot15  \n",
       "id               -0.140555  \n",
       "price             0.080430  \n",
       "bedrooms          0.027155  \n",
       "bathrooms         0.087068  \n",
       "sqft_living       0.182070  \n",
       "sqft_lot          0.704594  \n",
       "floors           -0.015129  \n",
       "waterfront        0.027852  \n",
       "view              0.067017  \n",
       "condition        -0.000606  \n",
       "overall_grade     0.111021  \n",
       "sqft_above        0.189945  \n",
       "sqft_basement     0.022911  \n",
       "year_built        0.074584  \n",
       "year_renovated    0.005246  \n",
       "zipcode          -0.148593  \n",
       "latitude         -0.088261  \n",
       "longitude         0.257639  \n",
       "sqft_living15     0.190255  \n",
       "sqft_lot15        1.000000  "
      ]
     },
     "execution_count": 3,
     "metadata": {},
     "output_type": "execute_result"
    }
   ],
   "source": [
    "data = data.fillna(0)\n",
    "data.corr()"
   ]
  },
  {
   "cell_type": "code",
   "execution_count": 4,
   "metadata": {},
   "outputs": [
    {
     "name": "stdout",
     "output_type": "stream",
     "text": [
      "18371\n"
     ]
    }
   ],
   "source": [
    "# load data\n",
    "#data = data.reset_index(drop=True)\n",
    "\n",
    "# features = ['bedrooms', 'bathrooms', 'sqft_living', 'sqft_lot', 'floors','waterfront', 'view', 'condition',  'sqft_above',\n",
    "#    'sqft_basement',  'sqft_living15']\n",
    "\n",
    "features = [ 'sqft_living','overall_grade','sqft_above']\n",
    "\n",
    "print(len(data))\n",
    "train = data.iloc[0:17290]\n",
    "train_x = train[features].values\n",
    "train_y = train['price'].values\n",
    "\n",
    "\n",
    "test = data.iloc[17291:18371]\n",
    "test_x = test[features].values\n",
    "test_y = test['price'].values"
   ]
  },
  {
   "cell_type": "code",
   "execution_count": 5,
   "metadata": {},
   "outputs": [],
   "source": [
    "# create model\n",
    "from sklearn.linear_model  import LinearRegression\n",
    "# Create linear regression object\n",
    "regr = LinearRegression()\n",
    "\n",
    "# Train the model using the training sets\n",
    "regr.fit(train_x, train_y)\n",
    "\n",
    "# Make predictions using the testing set\n",
    "test_y_pred = regr.predict(test_x)\n",
    "\n"
   ]
  },
  {
   "cell_type": "code",
   "execution_count": 6,
   "metadata": {},
   "outputs": [
    {
     "name": "stdout",
     "output_type": "stream",
     "text": [
      "result\n",
      "[1081976.22108357  324674.31040558  831531.01342297 ...  686853.90641301\n",
      "  734081.6477185  -223252.02858774]\n",
